2.2092
0.6870
1.1991
1.7496
3.7426
1.7859
3.5358
1.2522
2.8500
3.2017
6.0897
5.5099
4.0246
4.7903
5.6780
4.4879
4.3927
3.2838
3.4093
2.1152
3.4378
1.9599
1.2780
2.3909
3.2398
1.8184
5.3459
3.3162
1.3431
1.4723
2.0692
5.0947
1.1201
1.2494
2.6892
2.2306
3.8126
3.4484
4.1074
2.9233
0.7476
1.3168
5.3585
3.1990
0.7911
1.1258
1.8645
2.7398
3.1217
4.3163
0.9726
1.2180
4.2614
2.7473
6.7778
4.8858
1.4869
2.8456
6.0649
4.5552
2.3907
1.2577
1.1610
1.0502
2.6939
1.7005
1.4426
4.6232
1.0882
0.7814
2.5733
3.0757
2.5646
2.0156
6.1740
6.4155
1.4729
4.5327
6.0920
4.0404
3.6957
1.4187
3.0671
2.4701
4.5625
2.7209
8.0115
2.9073
1.1082
1.8746
2.1027
1.9768
1.0439
2.8077
2.8934
1.8504
9.1786
3.2136
1.7924
1.7973
