0.0266
0.0279
0.0279
0.0282
0.0273
0.0266
0.0268
0.0269
0.0275
0.0276
0.0269
0.0279
0.0260
0.0267
0.0281
0.0278
0.0272
0.0274
0.0267
0.0294
0.0276
0.0269
0.0268
0.0271
0.0285
0.0273
0.0265
0.0279
0.0269
0.0269
0.0270
0.0268
0.0276
0.0276
0.0268
0.0267
0.0270
0.0276
0.0275
0.0271
0.0272
0.0270
0.0263
0.0271
0.0275
0.0268
0.0270
0.0275
0.0267
0.0260
0.0267
0.0271
0.0265
0.0267
0.0266
0.0267
0.0272
0.0268
0.0270
0.0268
0.0267
0.0263
0.0271
0.0273
0.0280
0.0265
0.0271
0.0267
0.0269
0.0268
0.0269
0.0266
0.0269
0.0270
0.0262
0.0279
0.0266
0.0273
0.0265
0.0267
0.0268
0.0275
0.0263
0.0270
0.0270
0.0266
0.0264
0.0266
0.0280
0.0279
0.0278
0.0267
0.0273
0.0262
0.0272
0.0267
0.0270
0.0269
0.0269
0.0271
