0.1485
0.1455
0.1426
0.1414
0.1466
0.1443
0.1517
0.1427
0.1471
0.1520
0.1491
0.1483
0.1500
0.1527
0.1475
0.1481
0.1458
0.1507
0.1468
0.1490
0.1613
0.1516
0.1515
0.1448
0.1462
0.1659
0.1525
0.1473
0.1451
0.1439
0.1440
0.1504
0.1471
0.1486
0.1482
0.1490
0.1508
0.1552
0.1478
0.1500
0.1483
0.1493
0.1500
0.1450
0.1475
0.1444
0.1465
0.1485
0.1465
0.1453
0.1457
0.1464
0.1446
0.1467
0.1445
0.1473
0.1457
0.1449
0.1448
0.1478
0.1473
0.1448
0.1491
0.1490
0.1530
0.1480
0.1436
0.1473
0.1440
0.1509
0.1448
0.1443
0.1457
0.1469
0.1479
0.1460
0.1453
0.1442
0.1470
0.1473
0.1469
0.1466
0.1485
0.1474
0.1457
0.1464
0.1460
0.1464
0.1448
0.1439
0.1440
0.1452
0.1493
0.1506
0.1476
0.1507
0.1446
0.1508
0.1476
0.1484
