0.0150
0.0151
0.0149
0.0160
0.0159
0.0155
0.0164
0.0152
0.0165
0.0158
0.0154
0.0161
0.0169
0.0153
0.0166
0.0156
0.0148
0.0163
0.0152
0.0158
0.0150
0.0159
0.0154
0.0149
0.0144
0.0156
0.0149
0.0158
0.0145
0.0149
0.0162
0.0152
0.0162
0.0146
0.0152
0.0167
0.0163
0.0160
0.0161
0.0159
0.0159
0.0162
0.0149
0.0155
0.0149
0.0145
0.0145
0.0166
0.0161
0.0159
0.0159
0.0147
0.0167
0.0165
0.0153
0.0150
0.0165
0.0158
0.0146
0.0168
0.0148
0.0162
0.0165
0.0160
0.0146
0.0149
0.0149
0.0150
0.0152
0.0160
0.0150
0.0157
0.0150
0.0151
0.0160
0.0151
0.0157
0.0151
0.0153
0.0165
0.0153
0.0171
0.0160
0.0151
0.0156
0.0145
0.0163
0.0155
0.0161
0.0164
0.0144
0.0159
0.0152
0.0152
0.0162
0.0145
0.0151
0.0156
0.0161
0.0166
