0.3253
0.3159
0.3133
0.3152
0.3175
0.3135
0.3259
0.3238
0.3227
0.3333
0.3256
0.3223
0.3219
0.3235
0.3166
0.3226
0.3186
0.3247
0.3226
0.3288
0.3302
0.3274
0.3284
0.3151
0.3219
0.3285
0.3453
0.3129
0.3171
0.3163
0.3126
0.3198
0.3169
0.3179
0.3174
0.3169
0.3122
0.3299
0.3210
0.3234
0.3232
0.3239
0.3242
0.3231
0.3224
0.3203
0.3231
0.3182
0.3226
0.3208
0.3225
0.3192
0.3238
0.3184
0.3196
0.3211
0.3243
0.3185
0.3206
0.3242
0.3204
0.3206
0.3263
0.3270
0.3386
0.3202
0.3175
0.3202
0.3184
0.3249
0.3180
0.3191
0.3186
0.3191
0.3300
0.3227
0.3207
0.3178
0.3249
0.3244
0.3205
0.3213
0.3228
0.3245
0.3207
0.3222
0.3223
0.3198
0.3207
0.3205
0.3207
0.3226
0.3271
0.3185
0.3240
0.3231
0.3202
0.3186
0.3232
0.3250
