13.662
1.0144
8.1454
1.7584
1.4350
4.4980
17.157
6.9576
1.9535
3.9008
2.2348
6.5554
1.3027
4.3738
2.5156
1.7793
2.0870
3.8282
1.2624
2.6222
8.5569
2.2571
1.2039
7.0002
1.7233
4.6545
2.4732
6.8787
6.8706
4.0533
2.7081
6.6533
3.2736
3.3401
2.7977
3.9328
3.2590
4.3636
1.5848
1.5324
1.5443
2.0898
7.6246
7.2808
2.0207
4.8867
7.2664
5.0512
1.1459
1.7417
6.2839
6.7086
2.2022
3.3604
3.4168
6.4744
4.3842
1.0221
11.372
6.3655
3.8743
4.7696
3.9237
1.0391
4.4910
4.8305
9.1100
3.0124
4.4897
6.3098
5.8671
7.2998
6.2865
4.9579
5.9842
2.4452
3.9437
4.3168
4.5416
7.7673
3.9925
11.054
5.1143
7.7184
2.4157
3.4433
4.9003
8.6506
9.7281
19.636
5.9292
6.4739
14.223
1.2224
3.3076
2.4857
9.5262
2.0394
2.5257
7.3147
