0.0395
0.0390
0.0386
0.0381
0.0393
0.0385
0.0382
0.0377
0.0382
0.0383
0.0384
0.0381
0.0375
0.0401
0.0390
0.0394
0.0382
0.0383
0.0384
0.0370
0.0378
0.0383
0.0379
0.0384
0.0388
0.0399
0.0375
0.0397
0.0388
0.0379
0.0385
0.0379
0.0395
0.0379
0.0387
0.0384
0.0377
0.0384
0.0374
0.0383
0.0382
0.0401
0.0392
0.0390
0.0374
0.0375
0.0387
0.0387
0.0454
0.0383
0.0383
0.0387
0.0413
0.0393
0.0385
0.0388
0.0391
0.0385
0.0392
0.0389
0.0393
0.0382
0.0397
0.0378
0.0385
0.0393
0.0394
0.0383
0.0382
0.0385
0.0386
0.0400
0.0400
0.0405
0.0409
0.0386
0.0387
0.0383
0.0387
0.0396
0.0384
0.0378
0.0379
0.0391
0.0380
0.0382
0.0383
0.0391
0.0386
0.0383
0.0382
0.0371
0.0396
0.0393
0.0394
0.0390
0.0397
0.0383
0.0387
0.0382
