0.0202
0.0185
0.0199
0.0190
0.0193
0.0193
0.0191
0.0179
0.0185
0.0187
0.0182
0.0187
0.0180
0.0189
0.0191
0.0192
0.0183
0.0200
0.0192
0.0193
0.0187
0.0186
0.0194
0.0187
0.0202
0.0205
0.0191
0.0185
0.0194
0.0194
0.0190
0.0183
0.0192
0.0180
0.0206
0.0198
0.0194
0.0193
0.0195
0.0183
0.0198
0.0182
0.0186
0.0193
0.0189
0.0191
0.0196
0.0201
0.0191
0.0194
0.0194
0.0195
0.0192
0.0195
0.0195
0.0186
0.0196
0.0190
0.0188
0.0188
0.0190
0.0196
0.0195
0.0194
0.0186
0.0194
0.0183
0.0196
0.0191
0.0189
0.0200
0.0200
0.0196
0.0187
0.0200
0.0184
0.0183
0.0194
0.0189
0.0192
0.0189
0.0194
0.0195
0.0187
0.0196
0.0188
0.0195
0.0197
0.0184
0.0198
0.0199
0.0204
0.0184
0.0197
0.0195
0.0189
0.0197
0.0203
0.0183
0.0190
