0.0836
0.0822
0.0812
0.0819
0.0836
0.0819
0.0818
0.0806
0.0815
0.0820
0.0801
0.0817
0.0807
0.0858
0.0833
0.0847
0.0826
0.0806
0.0818
0.0790
0.0822
0.0818
0.0805
0.0815
0.0814
0.0803
0.0803
0.0816
0.0817
0.0824
0.0845
0.0806
0.0855
0.0800
0.0826
0.0817
0.0810
0.0806
0.0781
0.0803
0.0811
0.0849
0.0807
0.0833
0.0790
0.0804
0.0826
0.0833
0.0839
0.0812
0.0809
0.0819
0.0875
0.0833
0.0818
0.0820
0.0834
0.0835
0.0822
0.0821
0.0833
0.0804
0.0834
0.0799
0.0817
0.0830
0.0819
0.0822
0.0797
0.0821
0.0823
0.0847
0.0846
0.0844
0.0850
0.0806
0.0823
0.0819
0.0820
0.0823
0.0835
0.0801
0.0824
0.0863
0.0827
0.0803
0.0817
0.0813
0.0823
0.0826
0.0818
0.0800
0.0836
0.0816
0.0828
0.0827
0.0825
0.0812
0.0808
0.0822
