18.934
9.7661
5.1830
14.247
28.931
14.224
20.090
5.1812
18.693
11.130
4.9418
2.9989
9.0439
7.9532
19.493
19.747
21.122
33.026
28.322
4.6387
6.3619
15.622
43.232
22.155
17.966
21.752
30.077
24.344
8.7699
23.606
22.593
25.423
12.925
20.620
6.4820
11.462
10.769
27.845
11.379
6.3140
40.107
9.0251
11.227
11.081
26.721
15.868
3.5310
44.590
9.8693
30.795
20.290
8.0570
28.501
18.535
3.7937
9.3387
8.8325
3.0185
16.877
34.037
11.887
13.776
21.986
17.060
30.604
10.972
21.822
7.7467
13.078
10.659
16.738
5.7404
3.6315
11.980
9.1518
6.9694
18.842
14.174
6.4851
8.5810
8.0295
10.564
9.8873
15.229
12.444
22.454
17.107
4.3258
20.267
28.035
12.895
26.796
7.8594
4.2632
10.605
9.5249
28.384
24.573
29.653
9.8068
