0.0122
0.0130
0.0125
0.0135
0.0122
0.0125
0.0124
0.0125
0.0129
0.0133
0.0128
0.0133
0.0127
0.0126
0.0130
0.0133
0.0132
0.0127
0.0129
0.0125
0.0133
0.0129
0.0133
0.0126
0.0130
0.0135
0.0131
0.0133
0.0128
0.0121
0.0129
0.0126
0.0128
0.0131
0.0125
0.0122
0.0129
0.0128
0.0131
0.0134
0.0129
0.0131
0.0128
0.0127
0.0128
0.0122
0.0124
0.0134
0.0123
0.0121
0.0125
0.0121
0.0131
0.0124
0.0124
0.0123
0.0143
0.0123
0.0124
0.0125
0.0130
0.0126
0.0130
0.0127
0.0128
0.0128
0.0128
0.0126
0.0134
0.0123
0.0124
0.0128
0.0131
0.0129
0.0124
0.0131
0.0127
0.0129
0.0124
0.0129
0.0129
0.0121
0.0124
0.0131
0.0123
0.0131
0.0120
0.0125
0.0131
0.0135
0.0124
0.0125
0.0133
0.0123
0.0122
0.0128
0.0133
0.0130
0.0126
0.0128
