5.3290
3.9951
5.0837
0.9323
7.1034
2.4677
2.4020
0.5310
5.5033
4.2294
6.1020
4.5980
10.756
4.9866
12.258
2.8168
6.0901
5.1752
2.3536
3.8905
4.3538
3.5211
5.5872
2.7962
2.5384
5.1279
16.566
4.2097
2.6198
5.7268
5.5183
0.6974
2.1769
5.3525
1.8992
4.1374
5.4330
5.9239
3.9781
4.9441
1.1939
5.3452
3.8076
5.1649
4.5397
2.5634
5.4472
3.3151
2.8720
4.4797
6.1840
2.0743
2.8931
5.0468
2.4676
1.4380
3.0170
2.8616
10.434
5.0268
3.1824
9.5423
3.9275
3.9584
2.2014
3.7870
2.3435
1.2687
3.0304
4.9276
1.8799
2.6244
2.1281
4.4536
1.5192
5.2925
1.8441
1.3160
7.0547
3.0699
3.0365
2.7994
2.0663
8.0385
1.7886
1.6266
10.471
4.4395
6.4558
3.3284
7.1041
7.4495
5.0658
3.3054
2.4534
16.386
4.4657
3.4270
5.2426
1.4928
