0.0338
0.0324
0.0322
0.0352
0.0327
0.0323
0.0330
0.0338
0.0339
0.0339
0.0336
0.0344
0.0336
0.0328
0.0333
0.0343
0.0321
0.0334
0.0356
0.0326
0.0319
0.0344
0.0325
0.0318
0.0323
0.0320
0.0326
0.0324
0.0314
0.0333
0.0319
0.0330
0.0334
0.0317
0.0331
0.0323
0.0315
0.0328
0.0322
0.0341
0.0324
0.0338
0.0332
0.0338
0.0320
0.0313
0.0315
0.0328
0.0327
0.0333
0.0317
0.0329
0.0324
0.0322
0.0338
0.0336
0.0319
0.0330
0.0321
0.0372
0.0331
0.0332
0.0320
0.0326
0.0319
0.0321
0.0325
0.0327
0.0321
0.0317
0.0317
0.0339
0.0321
0.0324
0.0322
0.0331
0.0321
0.0333
0.0320
0.0325
0.0312
0.0330
0.0343
0.0322
0.0335
0.0318
0.0325
0.0334
0.0335
0.0333
0.0314
0.0334
0.0324
0.0332
0.0331
0.0323
0.0312
0.0331
0.0336
0.0326
