2.0830
1.1099
0.6600
0.5553
1.1481
0.7073
0.8811
1.2702
2.0880
0.5122
0.7667
1.1328
0.5391
1.3392
0.8795
0.6207
0.2870
1.4558
1.0910
1.2005
1.5295
1.1317
0.8128
0.9735
1.4532
0.4215
0.3308
0.7160
1.2176
0.5707
0.2134
1.1098
0.2119
0.3938
0.8404
1.9962
0.7673
0.5586
0.8609
0.2197
1.4677
1.0827
0.6406
1.2383
2.2594
0.7281
1.2523
0.4564
1.7056
0.2459
0.6523
0.5512
1.7852
1.4119
0.5338
0.3740
1.6310
2.4460
0.3395
0.3195
2.0449
0.5098
0.2744
0.6268
0.4971
0.9546
0.2655
0.9549
1.5318
0.6753
2.6933
1.9429
0.7474
0.8114
0.2685
0.8842
1.2712
0.3592
1.1016
0.8985
0.2109
1.4073
0.7239
1.0604
0.5085
0.2943
2.1803
0.3838
0.5706
2.1486
0.3414
0.6712
0.9793
0.5749
1.0264
0.8057
0.4057
0.3540
1.9765
1.7406
