94.814
30.784
36.406
63.536
50.717
180.65
40.838
41.597
171.78
217.76
39.177
94.180
141.60
56.904
22.238
65.438
16.512
103.36
58.999
35.365
96.802
98.004
114.02
97.787
100.99
68.011
125.77
84.889
50.250
75.227
32.186
103.97
100.27
64.057
116.30
36.914
40.031
93.514
183.65
70.514
81.082
24.435
23.787
33.180
95.182
55.270
53.368
116.51
39.215
109.09
85.525
50.759
78.602
38.995
28.903
81.596
112.27
58.989
89.437
108.17
55.373
24.429
58.853
119.46
97.058
77.083
66.108
40.216
28.340
60.313
81.716
48.655
195.20
79.985
105.33
86.302
44.887
107.68
115.93
66.470
80.308
57.893
36.323
78.498
126.03
88.794
70.295
59.838
73.497
62.934
174.35
19.860
57.332
85.799
26.440
214.31
87.290
37.635
79.451
61.864
